ID       DLC Data                    Period Count  Comment
115      8   20 00 01 00 00 00 00 00 0      76     
12D      8   03 00 00 00 00 00 07 38 0      753    
13D      8   04 40 00 00 00 00 06 37 0      753    
204      8   78 00 00 FF 00 00 00 09 0      76     
20A      6   F6 15 09 82 18 01       0      76     
212      8   B9 1C 94 AD C3 15 06 63 0      76     
21D      8   4D 20 00 20 01 20 50 01 0      76     
224      8   20 C4 00 00 FE 00 19 08 0      76     
22A      8   00 0B 7F 13 00 00 00 00 0      753    
22D      8   01 46 05 00 00 00 07 82 0      753    
232      8   0A 02 D5 09 CB 04 00 00 0      76     
23D      2   00 00                   0      76     
25D      8   D8 8C 01 B5 4A C1 0A E0 0      76     
264      6   C3 19 80 00 40 01       0      76     
2A4      8   5B DF F8 C7 45 EE F3 18 0      8      
2B2      3   00 20 C9                0      76     
2B4      5   3A A1 20 00 00          0      76     
2C4      8   2C 01 90 01 00 00 00 00 0      829    
321      8   2C B6 A8 7F 02 7F 00 00 0      76     
333      4   04 30 29 07             0      76     
364      3   00 82 00                0      8      
3A1      8   09 62 46 9D 08 2C 12 5A 0      76     
3A4      8   00 00 00 0A 06 00 00 00 0      8      
3B2      8   E5 0D EB FF 0C 66 BB 11 0      753    
3C4      8   19 31 31 33 35 35 35 38 0      8      
545      8   14 00 3F 70 9F 01 4A F7 0      152    
76C      8   17 04 32 8F BB 28 00 00 0      762    

